106,3
106,2
106,1
106,0
105,7
105,6
105,5
105,4
105,3
105,2
105,1
105,0
104,6
104,5
104,4
104,3
104,2
104,1
104,0
103,3
103,2
103,1
103,0
102,4
102,3
102,2
102,1
102,0
101,3
101,2
101,1
101,0
100,3
100,2
100,1
100,0
99,3
99,2
99,1
99,0
0,278
0,9
98,35
3,2
10,144
10,232
10,212
10,270
10,196
10,290
10,180
10,16
11,14
11,10
11,18
11,28
11,4
11,8
9,4
9,6
8,16
8,11
8,15
8,9
8,7
8,13
8,17
96,3
96,2
96,1
96,0
95,7
95,6
95,5
95,4
95,3
95,2
95,1
95,0
94,6
94,5
94,4
94,3
94,2
94,1
94,0
93,3
93,2
93,1
93,0
92,4
92,3
92,2
92,1
92,0
90,3
90,2
90,1
90,0
89,3
89,2
89,1
89,0
20,3
20,2
20,1
19,2
19,1
